241
755
931
408
835
125
15
368
859
58
661
138
272
191
80
917
768
285
302
272
667
163
68
505
113
486
316
112
449
866
514
135
698
900
562
755
121
100
270
766
773
558
89
770
546
574
811
497
287
533
795
180
510
486
272
640
75
255
212
218
768
879
686
258
560
772
469
475
649
227
357
879
902
171
381
166
57
693
370
388
789
843
469
904
363
748
865
141
700
5
944
950
394
98
451
387
944
99
485
665
111
139
65
805
717
512
744
63
873
301
931
211
553
883
740
713
188
362
783
145
712
530
176
249
491
847
722
238
529
719
190
682
628
54
295
961
618
709
887
109
873
8
512
326
975
878
398
837
231
667
